400.0000 324.0000 1.0000
404.0000 363.0000 1.0000
401.0000 413.0000 1.0000
399.0000 457.0000 1.0000
410.0000 516.0000 1.0000
432.0000 567.0000 1.0000
461.0000 622.0000 1.0000
490.0000 678.0000 1.0000
540.0000 680.0000 1.0000
605.0000 672.0000 1.0000
639.0000 640.0000 1.0000
705.0000 618.0000 1.0000
727.0000 599.0000 1.0000
761.0000 552.0000 1.0000
776.0000 513.0000 1.0000
783.0000 428.0000 1.0000
785.0000 376.0000 1.0000
409.0000 315.0000 1.0000
433.0000 304.0000 1.0000
458.0000 299.0000 1.0000
482.0000 313.0000 1.0000
493.0000 325.0000 1.0000
556.0000 315.0000 1.0000
589.0000 306.0000 1.0000
618.0000 312.0000 1.0000
640.0000 329.0000 1.0000
671.0000 348.0000 1.0000
507.0000 363.0000 1.0000
493.0000 408.0000 1.0000
482.0000 466.0000 1.0000
478.0000 503.0000 1.0000
474.0000 531.0000 1.0000
496.0000 536.0000 1.0000
525.0000 524.0000 1.0000
547.0000 518.0000 1.0000
566.0000 507.0000 1.0000
422.0000 360.0000 1.0000
448.0000 339.0000 1.0000
476.0000 338.0000 1.0000
495.0000 359.0000 1.0000
476.0000 369.0000 1.0000
443.0000 368.0000 1.0000
588.0000 353.0000 1.0000
610.0000 344.0000 1.0000
641.0000 348.0000 1.0000
661.0000 365.0000 1.0000
639.0000 376.0000 1.0000
607.0000 373.0000 1.0000
468.0000 578.0000 1.0000
479.0000 567.0000 1.0000
498.0000 552.0000 1.0000
515.0000 561.0000 1.0000
532.0000 551.0000 1.0000
551.0000 561.0000 1.0000
581.0000 575.0000 1.0000
556.0000 589.0000 1.0000
540.0000 595.0000 1.0000
518.0000 597.0000 1.0000
501.0000 597.0000 1.0000
484.0000 589.0000 1.0000
497.0000 576.0000 1.0000
506.0000 577.0000 1.0000
512.0000 577.0000 1.0000
521.0000 577.0000 1.0000
541.0000 576.0000 1.0000
525.0000 580.0000 1.0000
515.0000 580.0000 1.0000
506.0000 580.0000 1.0000
