23 19 78
19 23 22
1 69 0
69 1 2
0 77 17
77 0 69
56 8 57
8 56 9
1 0 36
31 4 30
4 31 5
3 69 2
69 3 4
2 1 36
28 35 29
35 28 47
69 68 77
3 2 29
52 50 32
50 52 51
69 4 70
4 3 30
63 66 62
66 63 65
70 4 5
3 29 30
70 5 6
6 5 48
23 42 22
42 23 43
7 71 70
71 7 73
6 7 70
7 6 58
53 34 35
34 53 52
8 73 7
73 8 9
8 7 57
9 11 75
11 9 10
71 73 72
73 75 74
75 73 9
10 9 55
33 29 34
29 33 30
11 10 54
28 2 41
2 28 29
75 11 12
12 11 35
2 36 41
13 75 12
75 13 14
13 12 35
28 41 40
75 14 15
14 13 35
19 37 18
37 19 20
75 15 16
15 14 46
37 17 18
17 37 36
76 75 16
16 15 45
36 0 17
17 77 18
18 77 19
22 21 20
21 22 27
19 77 78
22 20 19
43 23 24
38 20 21
20 38 37
22 42 27
28 42 47
42 28 27
11 54 35
79 25 24
25 79 26
23 78 24
79 24 78
26 79 16
24 25 43
45 15 46
25 26 44
26 16 45
21 27 39
27 28 40
34 29 35
33 52 32
52 33 34
49 5 31
5 49 48
30 33 32
31 30 32
49 60 59
60 49 50
52 64 63
64 52 53
31 32 50
47 44 46
44 47 43
14 35 46
45 44 26
44 45 46
38 40 37
40 38 39
37 40 41
36 37 41
38 21 39
39 27 40
25 44 43
42 43 47
46 35 47
49 31 50
6 48 59
48 49 59
61 66 67
66 61 62
50 51 61
52 63 51
53 55 64
55 53 54
55 9 56
53 35 54
10 55 54
64 55 56
57 7 58
59 67 58
67 59 60
56 57 65
57 58 66
58 6 59
60 50 61
60 61 67
61 51 62
67 66 58
62 51 63
66 65 57
56 65 64
63 64 65
76 16 79
