-0.8000 -0.1792 -0.8557
-0.7833 -0.0167 -0.8711
-0.8000 0.4333 -0.8871
-0.7583 0.5750 -0.8835
-0.7000 0.8000 -0.8138
-0.5500 1.0583 -0.6631
-0.4333 1.2917 -0.4768
0.0625 1.3000 -0.2967
0.1458 1.1917 -0.2114
0.2250 1.1208 -0.3033
0.3708 1.0958 -0.4839
0.4917 1.0583 -0.6684
0.5625 0.9667 -0.8159
0.7042 0.7708 -0.8807
0.7667 0.6083 -0.8824
0.7958 0.4542 -0.8666
0.8000 0.1792 -0.8501
-0.7625 -0.2167 -0.0738
-0.6625 -0.2625 0.0527
-0.5583 -0.2833 0.1346
-0.4583 -0.2250 0.1808
-0.4125 -0.1750 0.1918
-0.1500 -0.2167 0.1986
-0.0125 -0.2542 0.1886
0.1083 -0.2292 0.1452
0.2000 -0.1583 0.0664
0.3292 -0.0792 -0.0619
-0.3542 -0.0167 0.1415
-0.4125 0.1708 0.2018
-0.4583 0.4125 0.2893
-0.4750 0.5667 0.2894
-0.4917 0.6833 0.0735
-0.4000 0.7042 0.1024
-0.2333 0.6625 0.1173
-0.1292 0.6292 0.1016
-0.0958 0.5958 0.0713
-0.7083 -0.0292 -0.0058
-0.5625 -0.1292 0.0834
-0.4333 -0.0875 0.0888
-0.4042 -0.0333 0.0487
-0.5458 0.0292 0.0764
-0.6917 -0.0083 0.0570
-0.0167 -0.0583 0.0574
0.0875 -0.0875 0.0997
0.1792 -0.0875 0.0966
0.2500 0.0042 0.0058
0.1042 0.0250 0.0661
-0.0083 -0.0167 0.0849
-0.4833 0.9083 -0.1399
-0.4792 0.8750 0.0106
-0.4083 0.8296 0.1013
-0.3208 0.8558 0.1112
-0.2750 0.8192 0.1024
-0.1792 0.8337 0.0080
-0.0083 0.8417 -0.1486
-0.1042 0.8810 -0.0193
-0.1667 0.8927 0.0498
-0.2333 0.9223 0.0609
-0.3208 0.9118 0.0515
-0.4208 0.9275 -0.0166
-0.4167 0.8667 -0.1429
-0.3717 0.8771 0.0396
-0.3350 0.8833 0.0642
-0.2825 0.8792 0.0391
-0.2125 0.8667 -0.1528
-0.2795 0.8833 0.0391
-0.3360 0.8875 0.0642
-0.3747 0.8823 0.0396
